00041190053544
00078000030280
00078000152456
00049000050288
00078000148428
00078000113464
00078000147469
00049000031249
00049000061024
00049000061048
00072979004327
00049000050127
00078000002010
00071573001671
00071573123984
00078000021219
00657227000506
00049000056433
00083900005771
00083900005771
00083900005771
00049000050714
00083900005771
00083900005771
00049000054361
00049000045659
00049000045734
00072979004846
00049000050233
00080793808571
00025000053498
00076183003572
00076183468524
00076183003763
00076183003206
00076183003114
00076183643747
00076183643570
00049000045666
00812186020426
00049000072396
00786162338006
00049000056143
00786162003027
00786162010001
00786162003744
00786162002976
00657622222015
00657622216779
00076183003787
00076183003688
00076183003718
00076183008508
00076183263785
00076183003190
00076183003275
00076183002193
00076183001035
00076183000229
00076183001646
00012000170775
00012000163159
00012000006111
00098794000184
00098794515046
00098794818048
00852311004273
00852311004013
00852311004037
00852311004068
00076183260807
00076183260814
00898999010007
00073970002077
00073970002046
00076183001622
00076183643631
00012000810091
00049000067231
00012000001291
00012000172373
00076183263631
00076183002148
00076183083741
00813694025057
00813694023428
00813694023497
00852311004006
00076183003138
00076183003251
00076183002148
00076183083727
00049000061031
00076183002148
00076183643877
00076183001639
00076183000496
00818094000024
00858176002133
00012000107351
00012000151606
00012000009358
00012000009358
00076183260180
00076183268506
00076183260098
00813694023466
00852311004051
00076183263631
00076183083727
00076183083741
00076183083635
00076183003145
00076183643563
00076183003169
00076183643877
00012000041174
00012000286230
00012000286186
00076183003718
00076183003749
00076183003749
00076183643747
00076183003572
00076183263563
00082657500706
00041190041817
00068274346613
00016000151642
00041190019274
00041190019267
00016571940331
00016571910310
00016571910327
00016571910303
00014100096573
00014100096559
00014100049210
00014100044437
00014100096580
00014100096061
00014100096054
00014100093626
00014100085614
00014100085393
00014100085461
00014100085478
00014100049685
00014100085508
00014100085607
00014100096597
00014100096566
00014100074441
00014100044437
00014100079460
00014100074199
00014100074625
00014100074649
00014100079477
00014100085485
00014100085539
00014100046554
00014100047346
00014100085782
00014100044222
00014100085621
00014100085461
00014100044819
00014100049685
00014100085607
00014100046615
00014100095897
00014100074120
00014100079521
00014100074120
00014100074724
00014100074816
00014100099970
00014100047438
00014100089001
00014100078845
00014100077084
00014100075226
00014100077121
00014100078609
00014100077138
00014100047803
00014100048107
00070074536231
00070074534329
00079400784902
00019200025690
00036800190733
00041911000505
00022000168863
00037000962526
00022400005218
00036800917187
00037000757443
00841058005209
00841058005209
00036800933415
00041190036547
00044000003869
00044000031190
00044000045531
00044000008789
00044000030391
00044000030414
00044000030377
00044000031183
00044000035457
00044000035440
00044000031152
00044000031152
00044000031176
00044000051389
00044000031169
00044000051389
00044000051013
00044000051662
00044000050993
00044000050719
00044000051006
00044000044862
00044000050719
00044000044718
00044000044886
00044000034429
00044000034146
00044000051051
00044000051068
00044000051044
00044000050412
00044000045753
00062338879772
00757037352700
00019200815468
00841058005490
00046500733390
00046500733376
00046500733413
00046500733345
00019200793261
00046500733321
00037000764724
00044000025410
00044000882105
00044000024772
00044000032715
00044000033231
00044000026820
00044000012533
00044000027353
00044000042585
00044000088453
00044000005979
00044000012519
00044000012526
00044000003791
00044000003791
00044000040321
00044000052225
00044000047382
00044000041038
00044000031282
00044000032111
00044000044442
00044000050153
00044000034221
00044000040598
00044000034184
00044000031947
00044000032111
00044000043551
00044000004576
00044000004866
00044000045425
00044000043551
00044000045425
00033200094715
00037000962571
00046500737961
00062338057620
00062338770024
00046500733352
00051009007743
00044000032234
00044000032210
00044000032715
00044000025298
00044000046316
00044000025403
00044000045579
00044000045586
00044000046378
00044000042585
00044000032227
00044000032258
00044000040987
00044000046989
00044000042608
00044000042578
00044000042585
00044000882105
00044000882112
00044000054816
00044000028275
00041190056675
00041190052080
00044000034535
00044000027346
00041190574421
00044000049133
00044000045463
00044000055509
00044000032203
00044000046385
00044000054892
00044000029913
00044000007133
00044000033941
00044000050108
00044000046316
00044000025427
00044000007461
00044000034313
00044000031015
00044000032586
00044000046378
00044000000684
00044000046484
00044000046545
00044000033392
00044000042035
00044000014377
00073510008637
00044000015923
00044000054816
00073510800026
00073510800033
00041190052080
00073510008637
00073510008675
00076410901374
00073510001959
00076410901381
00027500713100
00073510800026
00073510008651
00027500613332
00073510002567
00076410904337
00073510003670
00073510002291
00027500613721
00073510800033
00073510002697
00073510002499
00028400040983
00028400017756
00028400064040
00028400184793
00028400207430
00028400643054
00028400644747
00028400644747
00028400640299
00028400644754
00028400032827
00028400032810
00028400337281
00028400034005
00028400071031
00028400207430
00028400643061
00028400055987
00028400055970
00028400089364
00028400589253
00028400083140
00028400040242
00028400070942
00028400011099
00028400040242
00028400034005
00028400639804
00028400043809
00028400199636
00028400639552
00028400640299
00028400183826
00028400589246
00028400041560
00028400183833
00028400154741
00028400183826
00028400184762
00028400184779
00028400184762
00028400036337
00028400639804
00028400064040
00028400083133
00028400644747
00028400337298
00028400643061
00028400642033
00028400200684
00028400043793
00028400200608
00028400083133
00028400083140
00028400199148
00028400372190
00028400147415
00028400152242
00028400372183
00028400589864
00028400589895
00028400598293
00028400183901
00028400372978
00028400589277
00028400184779
00028400159609
00028400589321
00028400184793
00014100071150
00014100071143
00014100071051
00014100071327
00014100095279
00014100070641
00014100071662
00014100085980
00014100049555
00014100082774
00014100074670
00014100098959
00014100041559
00014100070832
00014100085997
00014100085973
00014100070610
00014100087229
00014100043461
00014100042792
00014100071198
00014100071211
00014100070092
00014100070931
00014100070948
00014100093404
00014100071617
00014100071877
00014100087861
00028400199148
00028400199612
00028400200592
00028400200684
00028400200608
00028400199148
00028400043809
00028400199636
00028400183864
00028400043793
00028400641326
00028400923347
00028400642255
00028400642033
00028400642040
00028400642033
00015665770465
00843571004783
00084114116321
00843571005889
00012000161155
00012000161162
00020685001574
00015665220304
00015665601004
00020685000287
00020685000256
00020685001642
00012000100925
00012000161995
00012000142086
00012000042836
00012000286216
00012000286223
00012000046438
00078000013566
00012000104510
00020685001536
00020685001574
00843571004783
00843571005889
00077975085219
00077975087312
00077975086940
00015665601004
00084114116321
00020685000256
00053852004009
00020685079405
00020685000287
00077975080085
00020685000294
00053852004009
00078000040524
00012000171864
00078000013450
00078000209457
00078000029901
00078000029543
00078000003963
00078000207460
00012000105425
00012000002335
00012000172373
00077975082164
00077975082171
00077975022757
00077975088227
00077975088241
00077975088210
00077975092088
00077975029688
00077975034064
00077975034033
00077975034057
00077975089156
00077975080047
00077975080092
00077975080092
00077975092712
00077975092712
00077975080054
00077975080030
00012000809996
00012000504082
00012000811197
00078000002133
00012000163173
00012000171970
00012000171734
00078000206746
00077975082157
00077975082164
00077975088227
00077975010167
00077975087312
00077975034064
00077975080078
00077975034040
00077975080061
00077975080054
00041190403981
00072030013534
00011200000172
00013800869807
00014500014085
00025000035654
00025800019656
00028800291008
00041190407842
00041190408061
00041625121121
00044400154604
00064563226734
00071202064817
00072180634719
00072714006333
00834183007170
00073718000051
00073718000068
00073321039998
00070640015672
00073718000013
00073321000257
00815294000083
00815294000137
00076840400058
00076840100989
00076840102075
00076840100156
00076840100811
00076840100149
00076840485116
00076840400218
00076840101320
00029839000159
00029839000135
00070640015610
00815294000076
00077567001214
00077567121202
00897629000029
00047677000513
00047677301238
00047677002517
00029839100101
00072586701107
00072586701305
00072586805058
00892798000337
00815294000151
00077567603227
00077567000668
00858089003067
00858089003104
00186852000327
00858089003050
00858089003135
00186852000365
00852109331048
00029839403516
00077567001245
00070640007936
00041000051678
00077567132284
00041000051524
00077567132277
00077567659668
00070640010875
00070640013470
00070640013517
00852109331185
00044100609862
00858089003111
00852109331765
00041190403974
00075856001303
00075856001204
00075856001709
00810493030015
00851035003227
00851035003234
00851035003630
00851035003326
00047677391307
00047677000315
00047677391291
00072554302046
00077865001527
00077865001565
00075856011135
00025000035654
00815294000113
00020735110218
00051000076298
00041190403769
00190569123170
00020735110102
00020735136324
00020735420911
00020735620014
00041190403714
00041190404629
00041190401369
00041190400331
00020735112274
00020735136416
00020735136393
00041190402632
00041190402786
00041190402649
00041190403387
00041190402144
00041190403981
00041190400157
00029839008865
00029839007127
00029839005147
00029839006052
00029839006472
00029839005222
00029839005840
00029839005871
00041190407408
00014500014115
00041206612604
00029839004638
00029839008841
00077567254504
00077567457288
00077567254382
00041190407422
00041190407187
00041190406395
00041190403806
00070560978460
00070560979719
00077567254238
00077567226006
00077567224828
00077567254405
00077567254245
00077567254269
00077567254252
00077567276377
00070560978712
00070560979061
00070560980012
00070640018215
00190569123583
00020000126371
00020000163628
00020000121253
00020000002804
00020000125664
00020000197579
00013120017902
00041206625406
00043695075212
00014500017574
00014500017550
00014500017567
00041190408061
00020000000909
00190569124078
00190569123132
00190569123279
00020000001685
00041190408054
00041190407842
00041190400942
00043695075212
00041190407309
00038000758591
00077900491849
00043695276329
00014500017260
00014500017277
00014500016690
00032601025120
00014500026927
00014500018014
00014500014085
00014500015099
00028800294108
00077900503085
00077900471728
00041190407293
00041190407286
00038000101632
00071007146909
00077900471315
00077900706158
00014500004383
00014500004130
00014500505637
00014500024374
00014500022837
00014500010988
00014500021649
00014500024039
00041190400959
00070800046003
00033900200737
00033900000306
00031000441098
00014500024398
00014500024329
00014500021632
00089947302064
00089947302149
00089947606032
00028800296614
00028800280750
00028800295419
00028800131403
00028800279013
00028800290315
00028800292814
00028800299516
00028800291008
00028800131397
00028800278504
00705599012211
00038000189050
00705599013249
00705599013201
00705599012709
00023923206014
00041190405022
00013562001729
00042800005861
00760941241558
00679844104658
00038000131929
00038000189036
00038000348952
00041322353054
00028800600008
00074338007628
00042272000715
00051500048184
00042272003532
00073321034016
00073321072421
00051500048160
00899039002037
00041190406500
00759283673219
00041190406593
00046704096406
00046704068519
00070085035082
00046704620755
00023923206335
00046704049402
00041190406722
00043695071054
00046704096055
00046704098486
00041190406715
00043695056341
00043695071023
00046704068502
00042272000807
00071007061400
00023923206038
00018000426980
00018000426898
00018000425884
00826246871743
00018000426928
00082988000067
00082988010066
00043695071191
00043695071238
00043695071078
00043695056327
00043695083163
00043695740974
00043695510201
00041190401406
00013120008009
00013120000829
00013120000263
00013120002588
00013120011764
00013120002861
00041190404919
00044400102704
00011162102624
00044400153508
00044400164009
00011162111275
00044400154406
00011162111046
00044400184007
00044400139304
00011162102334
00044400175005
00073321071417
00013120012617
00013120014178
00834183007156
00041322108630
00041625924128
00070057001909
00041625121169
00824710335036
00041625121121
00041625127123
00834183000997
00834183007057
00834183100246
00689076821261
00689076311410
00834183007156
00042800109538
00013120012518
00043301611674
00043301305818
00014500018021
00014500018038
00043301611711
00072545062546
00044400154604
00072714006463
00072714016356
00031000120184
00073586111682
00073461976030
00072545062621
00073504500109
00072714006333
00814416001908
00814416001915
00041164000468
00041164000314
00041164000482
00041164000413
00041164000451
00064563226079
00011200000165
00011200000639
00011200000189
00834183007170
00817350010012
00698997809104
00027815000704
00031000809409
00014416001940
00074847410582
00059635001951
00041190405213
00075278950258
00071202064299
00080868000411
00041190405404
00042272000746
00041190407804
00041190408207
00041641201036
00071202117681
00041190407019
00041190405978
00041190407330
00025317005913
00704639931000
00041190407040
00041190405992
00041190405961
00041190407361
00041190407354
00041190407347
00071202140214
00071202163053
00071202105183
00041190404155
00043000009604
00043000009505
00676670001069
00051000078742
00051000076205
00051000076250
00051000174239
00051000076236
00041190403691
00041190402274
00028989101426
00041190408191
00028989971951
00041190407750
00028989100801
00041646404760
00028989100900
00028989101129
00028989100825
00028989100849
00028989971104
00028989102393
00041190407545
00842234000988
00842234000520
00041646900248
00041190406135
00041190404988
00074665277763
00041646123678
00074665277855
00074665277817
00031332482493
00041190403431
00031332482530
00041190403561
00074847207168
00073472001318
00051000076885
00051000191144
00070459005581
00891627009183
00025800019373
00025800019410
00891627002955
00025800026296
00025800048045
00891627009008
00025800055005
00025800022496
00891627009107
00025800022953
00025800020287
00025800000623
00025800022953
00025800019656
00025800020119
00025800026586
00025800026715
00025800020133
00025800029105
00025800024117
00025800020805
00025800026289
00013800166517
00013800166364
00013800166494
00025800020201
00072655001244
00013800166685
00013800171153
00013800553300
00013800045515
00013800172198
00013800103901
00013800166104
00013800556677
00013800869807
00021131905538
00072655000759
00072655000766
00050100459543
00072655458444
00072655000834
00072655454453
00072655001046
00072655000735
00042272001309
00042272000586
00042272000326
00021131905330
00037363009128
00025155057044
00042272000302
00025155057051
00021131506759
00042272000760
00080618415021
00850416002224
00021131504694
00021131505677
00021131506452
00021131800369
00021131124151
00021131501143
00021131301019
00021131506926
00013800120076
00013800120083
00810882010024
00013800120090
00013800100672
00013800101150
00013800100184
00017873705123
00070575040107
00051000065018
00658276202781
00658276202200
00031000009021
00031000670894
00031000007201
00031000809492
00031000809492
00031000007225
00031000007300
00031000007379
00031000007157
00031000007355
00031000007317
00031000007362
00031000126148
00041190407927
00041190407934
00071921949471
00014500007131
00031000449957
00031000101008
00031000600433
00031000670306
00031000670016
00031000126100
00031000671020
00862871000318
00042272001996
00072180637161
00042272001019
00862871000301
00072714005428
00854934007204
00698997806240
00020662006073
00043000080771
00043000080757
00020662006035
00072180638083
00021000071791
00072180733665
00072180634719
00041190402373
00072180639790
00041118009806
00072180637185
00072180634733
00072180638106
00072180638113
00041118000056
00041190403912
00041190402366
00041118009813
00019600046301
00016300168210
00016300168227
00016300168234
00016300168241
00016300168258
00018000000142
00020735093108
00020735097007
00021000071890
00021000072453
00021000072460
00021000072477
00023384104126
00025000000263
00025000040849
00025000102110
00025293005228
00036632008671
00036632010094
00036632010155
00036632010278
00036632013293
00036632020161
00036632020253
00036632038692
00036632039101
00036632039118
00036632071262
00040822011648
00041190461721
00041190465804
00041190466382
00041190466610
00041190466627
00041190466726
00041383155475
00041383155673
00041570130872
00041570131282
00041757674106
00044100102172
00044100114779
00044100156182
00044100156199
00044500062526
00044500202359
00046100011225
00046100037911
00048500202333
00048500202760
00048500202784
00049508251194
00050000704194
00052159703646
00053600110167
00053600110181
00053600110259
00070470137049
00070470142128
00070470142296
00070470142722
00070470147833
00070470147840
00070800041268
00071481027985
00071481027992
00073420116149
00076306602002
00078902643526
00722430110165
00744548112350
00761657904119
00818290011985
00818290011992
00818290016003
00818290016010
00818290016034
00818290016195
00818290016201
00818290016218
00818290016225
00818290016232
00818290016263
00818290016393
00855569110604
00855643006069
00883655106637
00898248001183
00041190454785
00041190454648
00041190455126
00041190457991
00041190458011
00041190458028
00041190459698
00041190459704
00095188011283
00095188021282
00041190461660
00041190463527
00095188031281
00000000014854
00009800800100
00009800895250
00010300343257
00010900000154
00010900003308
00011111010406
00011111115224
00011111323971
00011111347861
00011111396494
00011132142230
00011156054502
00012587786857
00012993112035
00013000002189
00013000004640
00013000006408
00013000007993
00013000008990
00013409128442
00013409515518
00013409516263
00013562000159
00013700016684
00013700217357
00013700217555
00013700824104
00013700842788
00014100095071
00014800001068
00014800003697
00014800003857
00014800005059
00015000002992
00015000005399
00015000044763
00015000047689
00015000073022
00015000074319
00015000074449
00015000076016
00015000076030
00015000076795
00015300430280
00015300430594
00015700450116
00015839000015
00015900122714
00016000120242
00016000123151
00016000126824
00016000147126
00016000149038
00016000151635
00016000194281
00016000260283
00016000264601
00016000275652
00016000275782
00016000278554
00016000402126
00016000406704
00016000420403
00016000430587
00016000431027
00016000432680
00016000439801
00016000442627
00016000457249
00016000458987
00016000461499
00016000487710
00016500980322
00017000024042
00017000029344
00017400100780
00017400101404
00017400109615
00017400118105
00017400118303
00017800146098
00018000000142
00018000001095
00018000003174
00018000003181
00018000004157
00019000003058
00019200028455
00019200768788
00019200786300
00019200837224
00019200850179
00019200986588
00019200991179
00020169222099
00020662000958
00020662003508
00020735092750
00020735093047
00020735093344
00020735096338
00020735097007
00021000000142
00021000005253
00021000007318
00021000007325
00021000007530
00021000007691
00021000008667
00021000013425
00021000029464
00021000052325
00021000052387
00021000052424
00021000054657
00021000055333
00021000068500
00021000070138
00021000300471
00021000604715
00021000626793
00021000671496
00021000774364
00021065000149
00021500976022
00021908509167
00021908509327
00021908509365
00021908515441
00022000112491
00022000155832
00022000155849
00022000155887
00022400005218
00022400639000
00022655303671
00023100014012
00023100119984
00023100235264
00023384104126
00023400021956
00023896576909
00024000162896
00024000162902
00024000497820
00024000554547
00024094070121
00024100440870
00024100514458
00024100939961
00024200038168
00024600017008
00025000030680
00025000040801
00025000040825
00025000040887
00025000044007
00025000101342
00025293002760
00025293003958
00025293600317
00025317117005
00025317775205
00025317775304
00025500003849
00025500202129
00025500205328
00025700003885
00025700022565
00027000001028
00027000378014
00027000379097
00027000419229
00027000419823
00027000442128
00027000500064
00027000690864
00027000852507
00028000332334
00028000511913
00028400662598
00029000008373
00029000016651
00029000016682
00029000016699
00029000017269
00029000059573
00029200002133
00029700001148
00029700001476
00029900212993
00030000056202
00030000059708
00030000262917
00030000312513
00030000312698
00030000451304
00030000560808
00030000567418
00030100033196
00030100112990
00030100122791
00030100440574
00030100505617
00030271025099
00030900002644
00030900008813
00031142359022
00031200001689
00031200029621
00031200203007
00031200350275
00031500005219
00031500008241
00033200011101
00033200114482
00033200147701
00033400055707
00033400601201
00033400601737
00033400612801
00033776011000
00033776011536
00033776011628
00033776011710
00033776011895
00034000003129
00034000003167
00034000020102
00034000040292
00034000040339
00034000045945
00034000092567
00034000141340
00034000171156
00034000560028
00034000560042
00034000567102
00034500151795
00034500631921
00035000000576
00035000000583
00035000393715
00035000446282
00035000446299
00035000450418
00035000451187
00035000460264
00035000510853
00035000510884
00035000510952
00035000511065
00035000511126
00035000556769
00035032235045
00036000195866
00036000335910
00036000413137
00036000430899
00036000430905
00036000477788
00036000479300
00036192122466
00036200003008
00036200014943
00036200219317
00036200430446
00036602300019
00036632008343
00036632008374
00036632008398
00036632008831
00036632011077
00036632013118
00036632020253
00036632029478
00036632029515
00036632032485
00036632036421
00036632036469
00036632037367
00036800190733
00036800623774
00037000042495
00037000123453
00037000127673
00037000169444
00037000179023
00037000230663
00037000397137
00037000728238
00037000762348
00037000764724
00037000765622
00037000806752
00037000827573
00037000916185
00037000962564
00037000977254
00037000977841
00037323114411
00037466016436
00037466039411
00037600000017
00037600000451
00037600020848
00037600081931
00037600105002
00037600110723
00037600118064
00037600351607
00037600495387
00037600517720
00037700327717
00038000052200
00038000143694
00038000161476
00038000167782
00038000168055
00038000176517
00038000181719
00038000192203
00038000198717
00038000201707
00038000202278
00038000209406
00038000215827
00038000265006
00038000318344
00038000356001
00038000779008
00038000845789
00038100154903
00038100535788
00038900004057
00039000008211
00039000008907
00039153110311
00039153110595
00039153130319
00039400019718
00039400019725
00040000324386
00040000464105
00040000497523
00040000511212
00040000512943
00040000525363
00040600034166
00040600389181
00040822027540
00040822343893
00041000022531
00041000022784
00041000022906
00041000540554
00041129000052
00041129077122
00041129631102
00041190002269
00041190004966
00041190005895
00041190006359
00041190007134
00041190007387
00041190007837
00041190008131
00041190008193
00041190008476
00041190008575
00041190008667
00041190008926
00041190011490
00041190012268
00041190012275
00041190017393
00041190017508
00041190019168
00041190020225
00041190021031
00041190021383
00041190022663
00041190024353
00041190024513
00041190024551
00041190024872
00041190027835
00041190031160
00041190031382
00041190031450
00041190033294
00041190033348
00041190033881
00041190034017
00041190034710
00041190035601
00041190035977
00041190036974
00041190037711
00041190039579
00041190039852
00041190042234
00041190042319
00041190044245
00041190044375
00041190045525
00041190046584
00041190046775
00041190047840
00041190048342
00041190048359
00041190049592
00041190050161
00041190051151
00041190051588
00041190051878
00041190052035
00041190052059
00041190052417
00041190053766
00041190053810
00041190053957
00041190053971
00041190054497
00041190055159
00041190056514
00041190056811
00041190058020
00041190058051
00041190058143
00041190058372
00041190058389
00041190060672
00041190061549
00041190061600
00041190061907
00041190065332
00041190065462
00041190065721
00041190065981
00041190066056
00041190219179
00041190221905
00041190259540
00041190262397
00041190265596
00041190278916
00041190450374
00041190450558
00041190454143
00041190455997
00041190456321
00041190457397
00041190457663
00041190458455
00041190458622
00041190459605
00041190459612
00041190460106
00041190460755
00041190461486
00041190462032
00041190462537
00041190462643
00041190465200
00041190465538
00041190465552
00041190465842
00041190466436
00041196010121
00041196010886
00041196404821
00041196453843
00041196740738
00041196891492
00041196910933
00041196915051
00041271009552
00041271017878
00041271022414
00041271022438
00041271025637
00041271027006
00041321005657
00041321005749
00041321006111
00041321006555
00041331123303
00041331123334
00041331124263
00041333825014
00041335001256
00041335342908
00041335363828
00041383090226
00041387551051
00041387613582
00041387917857
00041390010408
00041419420065
00041420171017
00041449300115
00041500000428
00041500745107
00041500805023
00041500932156
00041501009222
00041501011003
00041501083604
00041565140169
00041570015902
00041570054017
00041570054130
00041570055281
00041570056257
00041570109939
00041570130872
00041716150108
00041716875506
00041736001602
00041736010130
00041736030138
00041736030282
00041755002192
00041757014216
00041757018740
00041757670115
00041789002175
00041793913993
00041800000197
00041800401260
00041800501502
00042000150309
00042000151238
00042000153966
00042000154208
00042000157667
00042000355025
00042222870009
00043000000502
00043000005552
00043000011171
00043000032275
00043000041987
00043000048610
00043000070352
00043000200018
00043000200049
00043000204405
00043000285435
00043000705902
00043000950654
00043000950777
00043000979204
00043032030157
00044300055032
00044500064803
00044500976441
00044600012537
00044600016566
00044600080338
00044600148823
00044600307794
00044700006733
00044700006795
00044700024102
00044700030547
00044700031285
00044700069585
00044700360354
00045300005492
00046000287362
00046000453958
00046100001226
00046100007426
00046100007433
00046100009420
00046100009697
00046100011188
00046100011225
00046100037928
00046100411070
00046135500183
00046500222979
00046500716898
00046500716973
00046675000785
00046675000808
00046675000884
00046675013501
00047400240407
00047800000151
00047800330449
00048001520820
00048341002185
00048500020357
00048500021248
00048500021576
00048500202678
00048500202692
00048500202920
00049200902936
00049200904985
00050000001248
00050000001286
00050000004874
00050000004966
00050000040803
00050000102167
00050000112340
00050000170180
00050000172146
00050000290895
00050000293292
00050000293681
00050000294244
00050000350223
00050000420544
00050000428748
00050000428946
00050000429042
00050000429844
00050000480241
00050000580682
00050000582655
00050000591664
00050000605354
00050000622641
00050000639342
00050000818174
00050000826131
00050200008214
00051000008039
00051000010315
00051000012142
00051000016416
00051000027948
00051000038852
00051000058973
00051000069924
00051000125736
00051000129109
00051000130624
00051000167750
00051000193230
00051000212597
00051000214461
00051000219114
00051000233172
00051000233189
00051000245045
00051000250759
00051009007354
00051131576346
00051131936812
00051131974197
00051500000946
00051500001639
00051500255377
00051500555392
00051700757084
00052000003383
00052000003420
00052000010121
00052000041217
00052000041293
00052000041453
00052000042283
00052000043150
00052000043204
00052000104066
00052000320169
00052000338751
00052000506334
00052000512328
00052100002453
00052100006475
00052100009711
00052100020228
00052100020327
00052100029924
00052100034935
00052100036373
00052100071077
00052100071183
00052100142593
00052100845869
00052159000110
00052159701048
00052159703486
00052200007068
00052200010297
00052600112164
00053000006756
00053000006787
00053600000215
00053600000703
00053800026312
00054100000637
00054100005359
00054100117205
00054600003350
00054600105689
00054800030804
00054800344475
00055437602563
00055437624602
00058000003422
00058496701239
00061500009030
00062338770024
00063435891636
00064144282630
00064144322879
00064144868018
00067990501405
00068305686312
00070074407012
00070074407180
00070074534329
00070074536231
00070074578026
00070200011311
00070272002187
00070303022085
00070330916104
00070404001002
00070404002498
00070404002818
00070452123190
00070462431230
00070470137773
00070470147840
00070470407418
00070470496467
00070506000071
00070506010476
00070506041067
00070506042286
00070551700537
00070620001176
00070662060025
00070662060032
00070662096338
00070796300011
00070796601477
00070800822539
00070844004755
00070881233101
00070881233200
00071040065311
00071072003107
00071100005783
00071140551615
00071190006929
00071300000014
00071300000021
00071300001325
00071300050019
00071300800683
00071481022003
00071481027947
00071481041004
00071698010411
00071698111330
00071700592621
00071700594625
00071720539446
00071755010781
00071779052323
00072251002119
00072251002126
00072251003475
00072251003536
00072310000391
00072392010448
00072392330041
00072392339969
00072392352227
00072400006203
00072400006272
00072400007200
00072437097014
00072521049608
00072613451081
00072613451852
00072613451951
00072940746027
00072940758143
00072999442031
00073260000097
00073416020016
00073420000110
00073420000158
00073420000257
00073491510006
00073570130002
00073731004197
00074030066282
00074030101952
00074030203007
00074182281618
00074182445720
00074182445768
00074182447984
00074329123382
00074338004283
00074471000500
00074584050645
00074584062013
00074683003283
00074956180574
00075717112032
00075717320000
00075720000401
00075720211548
00075925300894
00076150232271
00076301240148
00076301840003
00076301845121
00076301845183
00076301870376
00076808000474
00076808006834
00076808501063
00076808515046
00076808516135
00076808517088
00076808533552
00077326830796
00077644901413
00077901006202
00077958690133
00077958690140
00077958694490
00078300070245
00078354707593
00078354708200
00078354708217
00078354716069
00078354716519
00078354716533
00078913186067
00079100000302
00079100002870
00079100008483
00079100508761
00079100511471
00079400062963
00079400921109
00080000003348
00080000005274
00080000495228
00080000495242
00080000516046
00080000517708
00080621411836
00080878005505
00082657411576
00086600000053
00086600240169
00086600702513
00087684001035
00087684002872
00088231412045
00093966002218
00093966005851
00093966213102
00099555080032
00099555080605
00099555085204
00180530000845
00190569100805
00300450444271
00305215007005
00305730169301
00305730169400
00305730169899
00307667388961
00310158084044
00312547386395
00312843061323
00323900013988
00381370092179
00600699001540
00602652170591
00602652171680
00602652171970
00602652184024
00602652204005
00611247350713
00630003372097
00632565000036
00632565000623
00637480065108
00644209301126
00644209307494
00644225727832
00652729101133
00657622101853
00666519330696
00706950123881
00722252100696
00722252161093
00722252233035
00722252500038
00726459021402
00730521517526
00730521517540
00730521522063
00732913228188
00742365264351
00744473000104
00747599607660
00753656709215
00757037519011
00761720987490
00762111206053
00762111622815
00762111622914
00762111888112
00762111895318
00762111930255
00767387034041
00767387034195
00802763168641
00802763331724
00811892028894
00816559011974
00816559013107
00816559013121
00818290010100
00818290010124
00818290011428
00818290011497
00818290011503
00818290011992
00818290012739
00818290013828
00818290014252
00818290016669
00818512011526
00819573010275
00819573012330
00819573013894
00819898012008
00819898019007
00822356000509
00822356000516
00829696000534
00845514031016
00848860002648
00850251004070
00850251004179
00850888005174
00851893001298
00852251000090
00852697001279
00852909003299
00853522000214
00855019000158
00855019000264
00855019000318
00855019000660
00856579002323
00856698007216
00857255001173
00859686004006
00872181000069
00877448003548
00877448004798
00884912014245
00884912014276
00887930412680
00888313914920
00888849000456
00889497000522
00890000001189
00890000001530
00890180001191
00894700010014
00894700010021
00894700010106
00894700010113
00894700010335
